14.9904581278076
14.190203966715
30.3437100410931
15.3962289188009
36.0945639441554
34.4842709925983
13.7821884768194
15.103919682344
15.9969557444886
23.3316036231534
14.1804924555954
29.0329741212956
20.332418445156
16.1303169747881
21.2303615966952
26.2025663621503
24.5889579648426
18.0861230676718
70.1941976145719
15.6435025223446
20.5281914615927
57.9845857733569
15.5831781599752
15.4155659609973
13.6816969052765
16.2790790051935
122.594279392457
13.794871552318
36.1542046904228
38.6805290863347
54.0314369500619
15.9325714318944
14.2187966466671
17.7090774045541
17.2417876739792
18.2295596216371
15.5909693524136
15.7442747518404
22.675526974656
46.3559652837255
16.806853512251
17.2766187655967
21.2058866655266
20.5983554934669
13.7136623063481
27.6922851884529
15.6513208764832
15.3532371219588
17.7430853873966
16.1599046616496
14.1624787588857
14.2518859391985
14.2922213954934
15.5116157745802
17.0275222275535
20.0384849302459
16.3504465624349
33.3263916368606
24.6873716549884
20.7911856260772
14.8489938722974
18.7289639654275
30.0193786357535
15.1859442565022
14.3946942668468
14.3942751577116
14.804313969648
13.6198005984556
13.8730808245393
43.6683436576902
36.8409564740847
30.3063758236961
15.83678975069
36.3989663790794
15.0111365754125
25.5682388772571
61.8749321310215
19.8970059949148
14.9135202435211
15.854602212884
35.2418892556634
17.3456520986373
16.3770549708035
15.8835669517152
17.5258120809932
15.5977742270593
13.9228265520665
13.8411025904677
15.8861955304806
15.9432325998313
18.1953646603334
19.9159261530615
13.5594498065729
14.1000141150787
30.1178007978651
24.708630007959
51.9069903893449
16.3868176034051
27.4805786054084
17.0849948268299
